XX

111511 1515, 115151 1511511 11111 1151151111 5151551511 15115155
,151155 1151 1151151 1155111. Nu 1115 51 1511551151 1151111151
511155 15 11 11111 1111151155 1151115111 1151151115 1115115155
11115. 11515151511115111 51151515 1151111 15 1551155115115
5151151, 151515 151555 15 15155 111515151515, 515151

1111511 55 51 11515 115 1115 111515

11151 111 151511 1 1515151515

1111155115 1111955ιί 515115 ab 5 111555. ..

111515 111515 111515 11111515 151155115ε 11115 15111515511515
1155115, 515115 15 1511115151 1551115 1151151111 ‚iz 15111515
1111511115 15631, 01 15 15115 511155 11 11551151 1151115551 111-
11111111 11155 «1 515151 1511 1 11111111. 115115 15 551511 1155115
1111511515 11 1151115, 151515 1511511111515. 1151111111 15 1111
1 151. 1151115 1111511 115111151111. Na 51115 1155111 Μ511115111
511515115 1115511511, 151115 1151115 1111511111 551 1155115 111 1511111
115151511 551511 55 1111515151 551511 5111511511511 11115155
5151111 1155111115. 111 15 1515115151 11515111 11115 511515115155.
1155111 11111511, 51511 15 11515 1111 ni 15111515 sumile, ako 55
1151111111 5115 1151115. 1111115 1151515 k 55111515 515151 ·

...1511111511 11515551...
15 511 1151 mill 1551 5511151 151511,
151 1511 1111515 1151 51515111 151511. ..
5 5115151 11115111 1115 1515151515 111511τ

15151 115 15 11511151 5111151 151511,
111 plavi 15111 1151 5151511 151511.

015 ,11115515 11115 5151515 11111551ι 111551 15115 11151515
1115 11515 1151115, nego 55 1155115 151515111151 11515151 151.
1551, 1 1115151151 1151515115111111115 151515, po 115 15111515-
15151111151 11 155. 1155115 11111511, 1515151511515151111.
1561, 15 51151511 1111115, 1515 11111101151515 1515, 1515
11111511551115 151. 1563. 15111115155. Za 111 1515 1511511555
11511511155 1515151 1511511111515 1111511151 11555115, 151111
sam 11151 151 5511 1515155 5151515 11515115. 1151 15115-
51511151 1151111511151151111 151511 ,155 15151115151111511515 ιι
11151151, 15 15 1511515555 51 1151115155 1115511 1115111111515, 15 15
11115111511111151 1111155 51511511 151. 1583. 1115111115 15
1511 1111111 15155 151515 5111 datum u 111151 151111, 1511 15
1151551111555115 15151 151 15115111 11115111515151115. 111
5151 15111151 51511, 5115111115 1151111511151515515111511511111511

 

