nmo· 231

1100010

011 1001101000, 10101001101011 ............... 133

01 0010 001010 rodi 00 0100 001 ................ 371
011 10010 10101101 00111 00 u 1011 ................ 113
0 dobro 00 0110, 111 1010 00 svin· ............... 239
0 dubo 001001, 1101000 11011.οο ................. 192
0 10110 001000, 0001 sad 100110 ................. 117
0110110 11111ρο, 10 1111000 101 meni ............... 191
0 01010 11, 1010 001 00 101 0101 1111 ............... 186
011 1010101000, 0 01010 010 0010 ................ 28
0 31010 00 00110, 10 1101 0101 dan i 000 ............ ’232
0 3011010101 ................ , ......... 83
0 0001010 0111 1000010 .................... 384
0110 11 1010 10 111 00101 inriti ................ 337
01 101110 10010 u 1000 ..................... 351
0100001 1011 00 000110 1110011 ................. 319
Oh 1010 101 01010 00 110 60 1010011 ............... 347
01 ma 101010 11110 11110, 1010 bog 011011 ............ 338
0; tumui, priludi, 1011001οο1000] ............... 368
01 1110, 101 010101010110 neg 00100 ............... 814
0 100000 (11031, 1111101 010010 1010110010 ............. 381
0110110 me upjevno. ko 011011101οο 101 ............. 435
0 00000 101011, 10111 00110 011110 ............... 141
000000 000 nami 0000110101011 ............... 142
Ο 0010101100 1001010 0111 vila ................. 203
0 01, 11 11000100 00 0000 11110010 ............... 391
0 1110001 11 moja, ke biste 01101000 ................ 434
0 1110110 11101010, 01010 101101 ................. 143
0 prih 110 10011 od 10110 0001010 ................ , 188
001000 00010100, 110 11011 ti 1000 ................ 231
O spievei 0011 mili ....................... 416
0 01110100 11011001, 1010 011101 001 01011 ............. 169
0 01100, 0 00111, 0 01100 101011 ................. 129
0011001 110000 00 1010 110 0011110 ............... 321
0 0110100 mili moj, ki 0011111οο 011001 ............. 419
0 00000, boga 1011 1011 mi 0011 1111 ................ 409
0 00000, 0 0010 1101 10ςο 0101 jedini .............. 90
0 0010 mamni, 0010οο0 00 ................. 000
0 11, 10 p· 0111 (100 1010 sad 1 meni .............. 176
O ti, 10 01101 01011 1001101111 00 01110 .............. 407
N 11, 10 0’ 11101 001, 001100 1010 0010 ............. 93
0 ti, 11 00000101 0 01010110 dila ............... 179
0 11, 11 111100 01010 10010100 .................. 180
0 111111 0100010, 101 od 0101010011 . . ............. 228
0 00111, 1000110111 ...................... 483
0001101001, 0 010111 poghdu ................. 264
01111 gdi 01 aad ja 01010 ..................... 444
011 dan primili, ki 01101100 trude ............... 49

 

