neg tobi, 1111111111, komu 1 tojzi 111111 -
1111111 11 1111111111 111 nasi gradani?

Ako 11 111 pravi 11111111 11 1111, -
11111 evit 1 111111 111111 111 1111111.

0101111111 11111111 1111111111 11111111 db.

1111111111 111111. akademije 11111 jedan rukopis 111 188 111111
1111. 31. U 111111 noma 11 111111 11111111, 11111111 bi bila 111 u
prvom 11111111, samo 11 11111111 1111111111 1111111111 1 1111111 111.
1111111111 11 111111 a) pjesni razlilce od 111111 1-77 1 111111
flor. 1111111101 15 36 65 114 145 147 148 150 156 161 62 63 66
67 07-105 171 172 177-183 107-100 112 123 125-227 129

j 134 138 143 201 185 204-206 216 246 248 251 256 257
’ 262-264 266 268 270-276 270 304 306 308 346 360 367-373

318-380 389 390 484-436, 1111111 78-80111111111. 01111
1111111111111 1111111111 111111 1110111111] 11111111 1 1111311111ἰωί
1116111111 81-140. 013: 26 146 161-156, 851111. 102-106
1111111111 1111151161111 11111111, koji je 1 11111111 11111111 111 111111
1111111111, 229 241 355 387 173 184 220 222 226 253 64 285
310 330, 111111 118. 1111111111111 1111111111111111111111, 366111.
1201121 1111111111 1111111111 1111111111, 166 162-170 388 400,
1111 136 je 1111111, 403 404 406 405. - b) pjesni iz starijeh spje·
11111 11 111. 140-1501 to: 135 124 160 160 217 340 342 344
346, smne 1511 16211 1111111. *1111111111 1111111111, 1 to:
111411 111 111 111 111111 131 414 313411-483141 111.
- To je (111111 11111111 1111111111 111 izbor iz prvoga 11111111, 11111
11 111 11111 1111111111 gotovo samo 1 tom, (1111111111. 11 11111111
1111111, gdje je 11111111 1111111111 1 111 11, 11111. u 15. 1111111110
6111111111 mjz 1111 lip 111111, itd. (111).

Pod signaturum 1. 1. 2. ima 11111111111111111111111 1111111111 11-
111111, 1 kojem ima 24 1111111111 1111111, ito: 40 398 61 02 01
04 98 09 104117 120 133 118 144 154 156 174 264 245 280
111 111 261 i 111. (1111),). ,

011111111111111111111111 111111111111 signaturom I. b. 73 prije
1. 646, 11111111111111 1111 V. 1111111 1111111 1111111111. X, 1111111-
111111111111111 11111111 Ν11111111111, ima tri 11111111 111 11 §tam-
1111 1111111111, 11111 111 11111111 1111111 11111 11111111.

011 111111 11 toga 1111111111, da 0111111111 mnogo 1111 1111111111

1111111111, nego 111111, 111 111111 0111101111111111111111, ida

‘je 1111111 111111, 1111111 111111 111111 0111111111 1111110,111

 

