XXII

231 337-346, 363-369 372 373374 376 377 378 386 398 401
243 400 379 330 373 10 01011 17011 07110100100111111111011100100
71 109-113 116-144 193197 199 200 145 147-152, 155-100,
100-171, 120 (1100070) 173101 171 170 170 177-101100
232-239, 194 279 240-273 280-293, 370 371 204-336 347
387-390 381-334, 303 348-300, 375 385 301 362, 10001103 113
0111117100 17100100 195 1917 193 200 201 202 204 337 (1710011100),
205 206 200 210 211 213 215210 217 219 220 ’222 221 223
225 154 226 337 1710011000, 223 1 jedna 1100111111, 301 392
394-397 399 404-410 432 411-431 433-436, 1101011000 4
0 00011110 1101. 1101111, 1100 11101071 437-440, 441 10 1710011101 00
071010111101 11011001 111111 1101. 110, 153, 0111000 11100100 11 10-
10171011 1700111100 11111010 101οὄ107101 000107110111100011070111111
911001071107110711 1)οο br. 446-451, 1100 br. 452 10 1101111011ον
00001; al sigr. 01711101 1111111111, abr. 453 1111110111 0010701111
to, 011010 1111110011,151.454 1001011050101 0111171 11111100 0101011
1700111170 2111111110 0111171000 00510711101110, 110010107110111710·
01111111 11151010 521

217011 07101 dni, ukopan odibi
11111111, 171 0 11100111 00011111 glas 00171,

1101011111 0171071150, 11 0017001 serene
i vile 700000 1 1711011 1 01110110;

017010 17100011 1111170111 710011,

1 101717 71 1011 11011110 0711011.

8111111 010 1010171011011 07010 5101070 pisane 1011101111οω 01071011,
11011 ne 1000011110 0010107110 0010011101011 1101111. ’·1’1170 011
11001110 1700171.017100011101101.110110 379 330 373 (444
111) 71 109- 113 110-111 111.

Το 00 11100110 01010110 101070 070 171110 1503. 11001110, 01100 00
111101101010011, 11 11010 001111 1101101010 011110 00 01010, samo
0011110, 0111110011 1111101000 0 11117100 0010111110170111. 1101101110 00
0000 1117001 101111, ali 10 1110110 711011 jedna, koja 1711101101. 1101110.

To 10 001 gosp. Mihu Μο0101100 101100 17010111 0111111011 1710011111 1

(011. 7), 11110 0111011111 1101010 tamo, evo ovaka:

Komu 171 1101101010, 0101100010 17101110 0701, ’
1001701111 11101 10111100 0 1011 1010001
0101001 100110 711, 171170 00 101 171117,

1101 0111101110 bil’, 0011111111 010 050111,

 

