xvn

1101011101. . (11010 01010100 0101000 1011, 10 00 100 010010011 100101
001001 1010010 101000 11000, 10 00 000 1000010 101010 00110 1010110
1001011000 1 001010, 1010 10111000 po tom 0010000110 1001000 . .·

1110011011 001010 10111010 10100 1100111001 Ι)101000100010,100
00 00 0101001 10 0010 1011110 1101110 11100, 1010 0010 1010101
10110111 10110000, 010101011011100 101101 1101011001 001100
1011010 0101011100010. 1011111010100101101111 111 1, 1111010
01. 11010 11100111 131 1,11 11010101. 110 1100011 141 3, 001100
’ nori 101. 110110 00 0001111 141 11101010 mj. 1100010112914,
1 unit 1100 101. 1100 110111 145 67, 1101 0000 011. 1101 1000111811 6,
1101 pati mj. 1101001111 0017, 1101 01001101. 1101 010001113112,
, 001 pravi 101. 01000 1100111 31111011 1101 (111) 011. 101 1111
110111 911 11400105; 0111100 101010 011. 0111 00 101111 3418,
Ι 101 umori mj. 1010 01001111 354 343 01111101110011. 1110 0111011
³ 311, 10101100 mj. 1101031001140057ς 010 bi 0111111110100
ogdilo mj. 01011 00 0111010 011101000101111 (11110 1100101110).
1010 00011100 10100000 1000101010. 1101010 00010101 1101000

¹ 111 010100 1001010 00 101101 00101100 001010, 11010 00 0010110
1 000100, 1011101111 0111 1100 1101111110οο 0111010 00010 1001101000

111110, 10 11010100 10001000 001 sagmine tegi, 1011ος0100 fagi, ili ’
mu, 1011 101οε po 011011 mu 00 1101101110, 011. po 11011 01000
1001101110. 1010 0010 maglo 001011 1101101 1010 00101100 0011000
10011000 10101103010 0 01111· 1101010011, 101. 1101 01001111 (312).
1010 mu 00100011010110 10111 10 010110, mogh 00111011 1010
10 0110100110 0110 1010 1000110 00001100. ’
10111010 001100 11000100 [1101001101 0101000 0111001 1000000110010,
0100100110ιο 0 1101110. 1111 11010011101 010010100100 110000 01110
00 0011011001 11100 10100100 1103010 01110, 1 01110101 1100ςο 01110
00 0011011001 11000110 01110 0 0101001 11011110. 1010 1110 0 mm
1101101100 10 111). 1100010, 001001010101101 01111 00100 1100110101
moga 01110 00 0011011001 1101000 01110. 10100 10 110 10 371.
1100010 01 1010 1010 opat 101000 011010110101100, hako 0 1. 1110001
10 230. 1101100 110οι00, 1010110 iza 11010 1131. 1010 nove pjesnl:
1010 1010110 0101, 1011011 01001011, sq· 1110001000 0000 0011001
0011131). U 0110 11000010 1101 10100100 metra 101 0111 00 00
100 111οω101001 1100000101οἱ 00 1001010100, 1101101 1101010010
11100, 10110 bez 1011, 00 01101010 10011100 1000010110011010. - Ne·
11101100001010 0101001101 0010010010 1010101010οι 0 111100 01 4
110 (144-146, 114 411-413 4331, 3110 1010111 0111 10010 1111
10100100 (311-3591. - C'etrnaestereem 0101000 00 41100100 01
mm 01001 11111. b

 

