num. 229

Picum
11111 10 1011111, 111111 111 10 110 ................. 315
1111010 11, 11010, 111010 11011011 111 ............... 313
11110 11 witi i 110111 (101111 moe ................. 97
111110111οηςὶ 111011110110101111110 ..... · ......... 391
1100 riba 11011111, 1 mom 11 111110 ................ 332
Ka pnvda 101010 od 11011 1110101 ................ 289
11110110, 11 (1110 11110111 11 01 1111 ............... 201
11111110111111110111111111011011.............,. 200
Κὶ 101101 101 0101011 mi 111 1010 ............... 09
Ki 1110111011 0111 11010 10 111 11111 ............... 390
1111111100 01111 1101, 11 11111101 11111011 .............. 173
Ko 10 111, 11 11010 101 pltea 1111 riti .............. 123
11011 1011110011 11111, 1011111 moj 11010 ............. 311
11011101110111011 1011 1011111011 prom ludi ............ 380
1101111111 11011111 110111 010 1110111 11 .............. 7
1101111 1101 111011 11111, 1101001110 1101111 .............. 391
ij 111010 101110 10111111011 1111001 ............. 318
11101 111111, 10 11010 ....................... 396
[1111011101 1111011111 111111011101 1011 1011 ........... 363
Keil 01111110110110 1011111 11101110 .............. 121

11.

11111111, 1110111 111 1 10111011 1111111 ................ 2
1011111101, 1011111011 1 kral od 11111 ............... 303
11110111 11111111 1111110 1101110111 ............. ,. . . 15
11111011 11011 1111 111110 11111110 ................ 30

1.

11111111, 110 1110 1101101011 pom06 ............... 227
11111111, dobro 1111, 01110111111111 .............. 110
Lab-vi, 1010 1101 11 1111 10 11111 slavi ............. 01
1111111, 10 11111 111, da 11111111, (101110 111 ............ 34
1111111111 110110 10101110 101011 ................ 312
1111111 110 111010 1111101 11111111 ................ 213
1110110101101 1011 1011111 po& ................ 235
1111101 1110 11010111 11011111 1101111 .............. 53
11111111 10, 1110, ja 101110 101110 .................
{md} mudri 11110111101111 10011 11010 ..............
1111011 10101111 1111 (101110 iudano ................
111101 trud 101101111110 1110 blida ...............

M.

111 mila Latinka 111111 1’ 10 11111010 ...............

11011110 1010111 bez 001, 101 111 11 ...............
1111110, 10 ees 11 ........................

11011110111010111110101111110111 . · ...............

 

