1116610. 233

11611116

1111111011 1601161661 ....................... 146
0616101166 60160 010 60 661611 ................. 216
1111111616 61611 1601, no 1601 60 6611111 ............... 26
1111111016 61611 6101, 1101011 6116110111 ............... 220
11111111 61010 661 6106 01161106 boli . . 3 ............ 19
Ρ1111011610061016,66116611110660160 126
Ρ1106, 16 1100 1011 6101101160 po 60111 ................ 261
Ρ1100 60 16616110 6000160 161616 ................. 251
16111160, 610166 atvar 1011 6111066 ............... 4011
16111160 11016166, 110111 10 11016061 ............... 164
16111160 (11611 1601, 11101116 10 6 1611611 .............. 163
Ρ616160, 11 11060 6616111610οἰ ................. 168

1166 166110, 16 61611 6666101116 1610 16106 ............ 806
hd 10110, 10611010, 110166 11 1111 611116 .............. 16
11661611 161061 16116160 66 616 6106 ............... 108
1161 1 11111 6111661106 1 11111, 11 66111116 .............. 8
1166661016 6101011 ne 111011 111161 1101 ............... 339
1111160611, 16 6 11616 06166 110 11111661 .............. 211
1116 016 6611 16 106, 1016 111 611616 60 .............. 65

8.

866, 161 10161111660, 011 t’ 61116616 11101 ............

866 gre 606 1111116166 6 1111100 06 g« 16 .............

866 1110110 1110111111 1111 110611 0061660 ............... 6
866 pomam 1106 1601 1166, 0 10116 1611611 ........... 3821410
sad 11060616 1106116 6116, 616 616110 06 11616 .......... 182
8611661110661111116 1101611011101 ................ 251
861116 606 601110 6116, 6 1016 6661660016 .............. 293
86161666 g 601061 1010610 1661111111 ............... 141
80 6010610 10111616, che 10 0060 1610 1106 1161 1100661.

81061 60 06 6111661,66161)61 006016 .............. 22
81061 60 6101666, 66 066 vil 1061101110 .............. 10
sil’ 60 6161 110610160 bit vili 116 61116 .............. 254
8 161016 166 1016 010011 1111011 660 ............... 11
8 16611116 6660111 66 160111 1011661 ............... 135
816611 166, 166 1010 11101 6101 616116 ............... 284
816111 161 pribili ........................ 191
816111666 160 061166 66160161160111 .............. 282
811116, 616, 1110110111 1106106, 6 10101 ................ 318
8 6611161610 66661160 111010 60 10666 660 ............. 106
8010 10 6661 000, 611 1661101 60616 ............... 52
81111610 1616066, 16 66660 60 11060 ............... 41
8111006160 61611 11101 61161016 6661 11010 ...... · ....... 125
8110111066 111011 1161116 1111011616 1116 ............. 55
81116111 66 1060 1161 66 tobi 161111 ................ 281

 

